
Descriptive Statistics for Test Data
=======================================================================================
Statistic bid_id bidder_id auction merchandise device time  country  ip    url  outcome
---------------------------------------------------------------------------------------
N         1,043    1,043    1,043     1,043    1,043  1,043  1,043  1,043 1,043  1,043 
Mean      521.0    169.0    207.0      5.6     177.0   6.4   44.4   439.9 362.0   0.1  
St. Dev.  301.2    82.0     111.0      1.4      92.5   3.3   19.0   247.0 155.7   0.2  
Min         0        1        1         1        1      1      1      1     1      0   
Max       1,042     303      402        8       305    12     82     866   556     1   
---------------------------------------------------------------------------------------
